1 11 14 15 16 27 28 33 35 45
6 15 16 20 29 32 33 38 40 41 46 48
6 9 11 17 19 20 21 23 31 40 43
1 16 17 33 35 36 39 43 50
4 5 10 12 16 19 20 24 38 39 40 49
4 7 20 27 32 33 37 46 49
9 11 20 27 31
2 13 39 42 45 46
3 7 12 19 21 28 32 34 40 47 48 49
8 12 13 15 16 32 35 36 38 39 45 47
1 3 6 13 17 21 23 31 38 40 41 43 48 49
1 4 13 16 17 23 34 37 44
4 5 9 10 21 22 23 26 30 33 40 42 47
1 3 9 13 18 20 29 31 34 36 38 40 42 50
10 14 15 23 25 30 32 37 40 47 49
2 3 18 22 24 26 28 35 40 43 44 46 48
3 4 5 7 8 16 17 20 23 29 34 35 44
4 5 7 12 17 19 23 30 35 40 45 50
10 13 22 24 32 44 45 48 49
3 7 9 12 18 22 24 28 35 49
12 14 23 26 28 30 41 48
2 6 18 28 29 30 38 41 43 49 50
3 7 8 9 10 17 19 20 21 23 39 40
27 29 32 38 39 40 42 44
8 11 13 20 25 33 36 38 43 45 47 48 50
18 19 21 22 32 34 38 42 47 49
1 9 17 20 25 27 32 44 45
3 4 5 6 17 18 26 28 29 34 35 37 40 46
17 25 28 32 39 45 49
1 4 19 25 27 28 29 32 40 48
1 4 9 11 19 22 26 32 34 35 38 41 42 43 49
5 28 30 44 47 49
3 8 10 12 21 25 28 30 32 36 37 46
18 22 27 31 43 45
1 5 7 10 11 39 47
5 7 19 21 23 24 25 26 28 31 36 38 40 45 50
15 16 23 26 28 31 38 40 41 47 49
1 4 5 23 25 30 32 36 37 40 41 43
4 9 14 19 25 26 32 42 46
7 9 10 12 13 35 36 41 49
2 5 29 37 39 41 42 45 46
3 11 15 25 30 34 35 40 42 50
5 6 8 12 13 15 23 27 35 38 40 45 47 48 49
4 15 20 21 24 35 44
1 2 3 7 13 19 35 39 44 45 49
2 5 12 13 29 34 38 49
33 42
1 8 13 17 18 28 34 35 38 42 49
3 9 11 14 23 29 42 43 47
22 23 25 29 31 33 40 42 46
4 13 16 17 30 31 32 35 45 49 50
10 13 15 17 19 33 37 43
1 2 3 14 15 31 32 33 47
13 18 20
2 6 16 18 19 20 26 27 36 47
4 19 23 28 43 49
2 22 24 33 39 45 46 49
3 12 14 17 18 25 26 31 34 45
2 7 20 27 31 32 33 34 37 46 50
16 19 24 28 34 45 47
10 11 16 39 40
7 9 12 14 19 21 23 24 31 32 41 42 45 46 50
4 6 8 9 21 23 25 27 34 35 44 50
9 12 14 19 22 24 27 28 33 38 41 50
11 18 23 30 33 35 46 47
5 12 25 29 36 47 50
4 21 22 24 26 32 33 39 47 49
1 2 3 7 12 16 18 24 36 39 42 47 48 49 50
3 6 12 18 26 27 28 29 31 36 39 40 46 48
1 2 9 22 23 26 34 37 41 44 46
6 9 10 14 18 23 26 28 31 34 38 43 44 49
8 10 11 14 40 42 43 45
11 19 27 32 42 49
3 9 22 24 31 36 40 43
3 4 6 15 17 24 34 39 40 43
6 11 13 16 17 18 20 25 29 39 47 50
1 6 10 14 16 17 19 23 27 37 38 42 44 45
7 9 19 22 27 29 34 36 40 48 49
11 13 21 27 28 48
5 9 12 24 31 33 34 43 47
2 5 7 11 18 21 23 26 31 36 39 42 43 44 48 49
14 16 19 22 27 32 36 41 49
10 13 20 27 28 32 34 47
1 8 10 11 14 16 25 27 29 39 40 43 48 49
11 12 20 26 27 38 42 44 49
12 17 19 31 32 33 39 43
7 11 14 15 28 29 41 42 43
3 5 8 17 20 21 23 26 29 45 47
4 11 12 17 18 38
2 20 23 27 28 30 35 41
1 2 3 7 18 26 28 29 32 37 40 42 43 45 49
5 16 22 26 28 29 32 34 36 40 41 45 46
10 11 15 18 27 31 39 44 45 48 49
3 10 19 25 27 34 42 44 47
7 8 12 13 40 42
11 17 18 28 31 36 38 40 41 43 47 50
1 3 5 9 14 15 16 29 38
1 11 21 26 27 37 43 45 47
6 21 24 25 29 30 32
1 9 23 25 30 42 46 48 49
8 9 31 35 36 37 41 44 48 50
23 26 30 35 39 40 41 42
6 14 17 19 31 39 43 44
2 5 8 12 14 20 23 30 37 45 46 47
2 5 8 15 22 29 34 37 43 46 49
2 6 14 17 18 19 32 33 34 37 43 46
5 9 10 16 18 19 23 26 36 38 48
4 43 44 46 47 49 50
13 22 23 28 30 33 36 39
5 8 15 16 17 33 37 43 44
5 12 30 34 36
2 6 7 16 26 31 32 38 42 45
17 18 20 27 28 34 41 45
4 6 9 11 18 23 26 31 32 36 42 44 49
6 10 14 18 21 35 36 38 40 44 47
8 12 15 16 27 30 35 36
3 4 13 15 17 18 22 24 27 34 38 39 44 46
1 8 25 27 39
1 12 19 21 22 23 28 35 37 49
5 6 11 30 31 43 48 50
3 19 28 29 34 35 37 41 46 48 50
2 4 8 10 12 13 21 22 24 29 34 36 38 39 42 43 49
1 15 16 21 25 26 30 48 50
4 5 10 12 19 25 33 34 35 36 43
2 5 7 9 15 24 25 27 34 38 48
4 7 13 20 28 29 31 32 35 41 42
1 7 9 13 14 15 19 27 31 33 39 46
24 26 29 35 47 50
7 17 20 26 27 29 30 34
2 11 12 15 23 33 35 38 42 50
4 22 25 31 34 41 42 48 49 50
9 34 45 46 49
5 7 9 12 16 17 27 37 38 39 41 44
3 10 11 14 32 38
6 13 14 16 20 21 23 25 34 39
1 2 6 9 10 12 35 44 48
3 7 8 18 19 30 31 35 45 46 49
9 10 16 17 25 37
4 9 11 22 23 25 26 30 31 32 35 39 44 47 49 50
5 6 12 21 29 30 33 37 39 47
21 25 29 43
4 7 14 24 27 28 38 40 44 45 50
2 6 10 20 23 27 34 35 41 47 48 49
3 4 7 16 26 31 33 41 45 47
4 17 21 22 28 29 32 33 40 45 46 49
12 15 19 20 22 35 38 41 44 47 48
7 12 17 19 22 26 28 31 40 42 47
4 6 17 34 37 38 41 43 47 49
4 5 8 10 13 14 33 34 41 43 46
1 3 5 8 18 19 22 23 27 33
1 16 20 28 30 35 36 39
6 7 10 19 20 21 22 25 33 34 50
5 10 26 33 42 48
5 12 16 17 29 33 37 38 43 45 46
2 6 24 26 29 42 49
1 12 20 23 26 36 37 40 47 48
1 5 10 28 49 50
11 24 25 28 34 35 37 39 48
10 12 23 27 30 34 35 36
7 10 20 25 32 33 34 42 45 47 48
8 11 12 14 31 32 34 44 45 47 48
4 5 8 19 20 21 43 48 49
4 7 13 14 20 23 28 34 40 48
11 14 19 22 32 38 39 45
1 3 6 15 17 26 38 48
1 2 8 9 11 18 21 22 23 27 32 37 45 50
2 5 10 12 16 24 27 30 37 40
2 13 15 16 20 30 35
5 6 21 26 27 28 30 32 35 39 40 42 47 50
7 12 21 23 25 26 31 39 40 45 50
4 8 26 27 36 39 40 44
8 9 19 28 30 36 44 49 50
8 26 27 31 46
13 15 18 20 32 34 36 37 38 47 50
13 17 18 22 25 28 38 40 41 46 47 49
17 20 24 25 27 29 36 46
9 11 18 20 22 24 26 29 34
13 16 17 31 36 48
2 9 22 28 29 32 33 35 38 39 49
8 13 15 27 39 46
7 17 18 21 32 35 36 37 40 42 43 48
2 29 33 43 44 46 48
6 7 8 16 24 29 36 38 40 46
1 5 11 13 14 16 17 26 33 39 50
5 6 15 16 27 34 39 46 48 49
1 13 16 29 42 49
9 11 13 21 22 24 25 34 38 42 48
10 11 12 17 24 26 29 32 36 46
5 19 28 31 33 35 41 47
2 7 14 15 21 23 35 42 50
3 9 14 20 24 25 29 39 46
1 7 8 9 12 21 22 23 28 38 46 49 50
14 24 30 42 43 50
2 6 7 11 15 17 19 23 25 27 30 33 37 45 48 49
4 5 23 24 29 30 31 33 34 35 37 47
4 5 7 10 13 15 27 30 31 33 35 39
8 9 11 12 13 16 18 20 22 39 50
11 23 43 45 46 50
7 9 12 13 15 25 29 31 35 47 49
5 17 25 29 35 43 46 50
1 8 15 28 36
8 20 21 22 23 25 26 29 30 32 34 38 45
12 15 19 20 23 28 33 35 41 48
1 2 10 13 15 16 21 22 38 39 48
5 13 15 20 23 24 28 30 34 38 39
6 19 26 31 34 40 43
2 11 12 18 28 36 39 41 46 49
8 10 33 34 39 41 46 47
1 10 15 17 18 25 28 29 30 46 49 50
1 19 20 21 38 39 49
3 6 23 30 34 38 39 44 47 49
10 11 15 16 22 30 31 37 39 41 44 48
2 8 11 12 13 15 16 18 22 24 26 27 28 30 32 35 41 43 44
3 15 21 22 23 25 31 40 44
6 7 20 24 29 30 35 43
1 2 5 14 17 18 27 31 41 46
6 12 17 18 21 25 26 33 36 39 48
21 23 30 42 44
12 17 23 39 50
7 10 11 12 13 17 20 43 45
3 6 8 11 23 24 26 31 45 47 50
1 5 6 7 10 18 20 33 38 47 48
3 7 9 13 16 19 23 28 34 37 42 46 49 50
2 12 16 17 23 27 34 38 42 43 45 46
4 5 7 13 15 40 43
5 11 13 16 18 26 28 29 32 35 43
1 4 9 13 14 16 23 24 29 36 38 46
2 10 11 13 22 29 45 46
6 16 17 20 28 30 32 34 36 37 38 39 45
2 6 9 14 20 22 23 25 26 31 39 40 47
1 2 3 4 6 12 24 29 32 33 35 37 38 41 43 50
8 9 16 26 29 40 43 44 47 49
5 9 12 19 20 24 27 30 37 47 48 50
2 3 6 13 25 35 47
11 26 31 32 35 36 38 44 49
11 12 21 30 39 42 50
6 9 17 23 26 29 36 39 40 42 43 46 48 49
2 6 31 37 39 40
5 12 15 32 33 35 37 38 39 43 46
1 4 5 8 9 14 19 20 23 27 33 34 35 36 39 41 48 49
2 6 15 31 33 37 38 39 50
1 3 6 18 23 34 46
11 20 24 29 32 46
14 24 32 39 44 48
8 13 15 18 29 31 33 34 36 37 39 49 50
4 7 8 11 21 41
8 11 22 23 25 28 31 33 36 38 39 44
24 26 33 42 47 49 50
13 14 21 28 30 34 39 42 49
4 5 6 14 16 18 25 27 28 38 46
5 17 22 26 30 31 34
15 22 23 27 31 38 43
3 5 9 15 16 24 25 32 41 42 46 50
19 21 34 44
4 6 19 20 27 30 33 39 40 47 48 49
4 9 12 23 24 28 37 39 42 47 48
9 10 11 12 18 24 27 45
13 15 17 18 22 23 25 27 30 42 46
6 8 12 19 22 28 39 40 42 45 46 48
1 2 9 11 18 24 27 34 38 49
2 7 9 11 12 15 20 25 32 35 36 42 43 45
1 7 18 31 38 42
2 9 10 18 21 39 40 41 45 47
3 9 14 22 29 36 38 41 44 46 48 49
1 2 5 9 21 28 29 35 43 44 45 48
1 5 9 15 23 30 36 37 41 49
1 3 4 9 31 38 46 50
2 9 12 15 16 18 24 34 44 46
1 5 18 25 28 29 30 36 38 39 48
4 7 14 15 17 23 24 25 29 40 43 44 46
3 4 16 18 20 23 29 47
4 8 16 23 24 26 29 34 35 45 47
5 11 15 17 25 26 35 36 45 47
4 6 7 14 15 22 25 28 33 36 45
4 22 24 26 34 49
3 8 14 19 30 33 35 41 49 50
1 8 11 15 21 26 40 42 48
3 6 10 11 16 18 20 25 29 30 33 44
2 6 12 15 17 18 20 28 32 33 39 44 48 49
1 4 7 14 15 26 28 35 38 47
3 17 18 28 40
1 4 8 10 15 17 20 28 29 30 32 40 45
7 14 18 22 24 25 36 37 44 49
7 16 20 26 27 30 36 46 47
1 3 7 9 10 11 14 30 35 40 43
4 15 19 23 31 42 46 50
1 10 13 14 15 20 28 32 33 36 42 45 49
7 8 14 15 36 37 40 41 45 46 50
1 6 7 8 10 15 21 22 26 28 31 35 48 50
2 4 6 8 13 17 18 22 24 26 38 46 49 50
2 5 16 27 37
2 5 11 14 15 22 24 25 44
5 12 15 19 24 29 39 45 48
2 8 9 11 14 18 21 28 31 44 45 50
2 4 21 25 31 35 36 38 40 42 46 50
3 5 7 16 23 25 31 34 38 40 50
2 5 6 9 10 11 16 25 32 34 35 38 42 46
5 17 29 32 34 36 37 42 44 50
4 5 16 21 31 32 37 44
14 29 32 40 42 43 44
8 11 14 16 18 23 24 28 33 36 38 41 48
4 5 9 17 19 24 27 30 43
2 3 4 10 12 18 24 25 36 41 42 45
5 6 12 15 22 24 30 38 46
3 5 15 20 23 25 30 32 33 34 38
4 5 7 8 11 13 16 25 39 42 43 47 49
7 19 33 34 35 43
2 4 8 18 28 29 31 34 38 44
5 11 12 20 21 29 30 39 49 50
4 7 10 12 17 21 24 27 31 41 45
5 6 12 14 25 27 28
1 2 4 21 22 23 30 32 33 39 41 44
8 12 13 27 30 31 32 34 35 39 49
2 8 10 11 14 21 30 39 43 48
10 12 16 25 26 36 39 40 45 48
7 25 32 33 38 43 45
2 11 14 16 18 23 27 29 30 36 42
5 8 9 12 22 25 30 32 34 40 41 46
1 3 5 6 14 16 34 38 41 44 47 50
4 25 26 27 28 32 34 42 44 45 50
4 6 9 10 11 14 20 27 38 40 42 44 46 49
8 12 15 27 32 46 50
1 13 24 29 31 35 39 47 48 50
17 18 21 23 46 49
1 6 8 13 21 30 32 35 37 39 41 48 50
8 15 17 23 26 31 37 38 41 48 49
5 9 24 29 32 37 39 41
8 10 14 18 22 23 24 34 35 39 46
3 4 14 15 20 22 26 28 40 45
7 8 13 17 26 29 34 39 40 42 43 44 46 48
8 10 12 13 38 46 49 50
6 13 25 32 34 39 44 46 48
6 10 12 14 20 35 39 47
2 8 10 11 13 37 44 48 50
2 5 7 17 26 34 41 43 45 47
4 10 11 14 23 32 36 37 44 45
8 9 10 13 14 19 22 29 37 39 42 43 46 48 49
3 18 24 28 29 31 32 44 49
4 16 17 20 27 40 43 44 49 50
1 3 6 33 48
1 7 16 17 18 25 26 27 30 41 44 46 48
2 11 14 18 20 23 25 26 28 29 32
6 7 11 14 17 21 25 29 37 46 48
2 6 9 15 19 21 22 23 36 39 46 47
1 3 4 8 9 14 19 25 29 36 40 44 49
4 6 14 21 38 43 44
5 12 16 19 21 22 23 26 31 36 37 41 46 48 49
3 6 8 29 31 37 38
2 5 13 18 22 23 29 42 43 46 49
2 3 8 14 19 20 24 26 28 37 40 46 50
11 17 18 21 27 28 34 35 37 46 49
2 4 6 13 15 16 17 19 23 25 36 39 47
1 4 10 13 16 23 34 38 39 41 43 47
5 13 26 29 33 34 35 38 41 42 43 44
1 2 5 9 10 11 17 19 20 22 25 31 33 41 43 45
2 9 18 26 32 34 49
3 5 10 15 17 19 23 38 42 45 47
5 12 13 15 26 27 36 42 46
4 6 12 23 25 28 48
5 16 18 20 24 29 50
10 19 23 36 38 39 40 49 50
12 14 15 16 17 21 25 27 40 44 46 50
4 10 18 29 30 34 36 41 45
6 21 24 25 29 32 39 44
2 3 4 5 7 9 10 18 20 29 42 43 50
2 5 8 10 11 12 21 24 33 39 42 49
4 5 8 11 16 21 24 28 34 36 39 41 43 49
13 16 19 22 36 39 40
2 4 5 6 12 15 28 30 37 42 48
9 12 16 24 28
1 2 11 12 21 31 35 36 37 46 48
4 5 6 15 22 25 32 36 37 39 40 41
6 12 15 22 25 33 39 42 45 47 48
1 7 14 20 22 36 38 39 42 43 44 45
4 17 18 25 28 42 48
3 19 22 24 30 35 38 41 45 47
1 2 6 9 16 26 28 36 42 45 47 49
1 2 12 13 22 24 31 36 43
4 6 12 18 20 25 27 36 39 44
9 17 19 20 21 23 40 45 50
1 6 7 22 24 39 41 44 46
1 6 7 10 14 16 45 46
1 4 5 8 16 19 20 21 26 37 39 44 47
1 17 19 21 24 25 27 43 46 47
2 6 8 21 23 25 26 35 36 49
10 11 20 24 26 31 45 49
1 14 17 20 26 33 35 37 41 44 49 50
2 3 6 9 16 20 21 23 36 38
1 2 6 17 18 30 31 36 38 43 50
1 4 7 11 18 22 31 41 48
1 12 13 14 16 25 29 35 44 48
2 17 18 22 24 37 38 43 49
9 13 14 22 28 44 46 47 49
16 18 24 32 42 44 47
2 22 23 31 39 41 49
3 5 6 12 26 27 28 29 41 45
2 3 5 11 18 21 24 28 32 33 34 35 36 37 39 41 46
11 16 31 33 34 42 43 45
5 6 7 8 13 23 34 40 44 47
6 9 10 13 14 18 23 31 38
7 16 18 23 28 34 35 36 44 46 50
4 6 8 16 23 35 36 38 39 42 43 44 48
6 9 11 17 23 29 46
4 7 12 15 19 35 38 43 46 47 50
3 5 12 13 21 24 25 26 29 34 36 39 40
3 4 11 15 24 26 34 35 36
7 16 18 20 21 23 29 30 34 41 46
6 10 14 25 31 37
3 8 13 14 17 22 26 29 40 43
1 8 12 14 16 19 21 43 49 50
2 3 9 16 31 37 40 41 44 47
14 16 19 27 28 34 45
3 4 6 8 14 30 35 37 38 40 50
3 6 7 9 15 22 26 27 28 33 40 47
1 3 6 9 10 31 37 38 40 46 47
2 14 16 17 24 31 35 40 43 46
2 5 7 18 23 28 30 33 48 49 50
12 15 20 29 30 37 38 46 50
6 8 13 15 26 28 34 37 41
8 11 13 27 30 34 35
4 12 22 24 33 48 49
17 26 29 30 34 38 45
2 3 12 16 28 30 34 35 36 39
3 7 9 10 13 15 16 23 30 31 35 36 39 46 47
3 22 29 31 36 44 46 47 48 49
5 12 18 19 20 26 36 38 41 47 48 50
2 8 11 13 18 27 32 38 39 41 46 49
4 20 21 23 29 32 37 38 47 49
11 12 19 21 25 27 33 34 37 39 43 44 47
2 4 14 20 26 34 42 45
4 9 11 16 21 29 36 39 40 47 48 50
1 3 11 17 24 25 27 28 31 33 50
5 10 12 14 15 24 28 38 50
2 4 10 13 14 39 45 47
1 13 21 33 44 47 48
4 8 9 13 19 25 28 33 37 43
1 4 9 15 17 19 22 23 27 35 37 42 45 46 49 50
1 4 5 9 13 30 38
9 10 11 14 15 19 22 23 25 27 31 34 45 48 49
5 8 9 24 26 29 35 42 48
3 14 22 24 25 26 27 29 35 39 43 45 47 48 49 50
2 5 8 13 14 18 19 28 39 48
11 26 27 28 32 35 38 45
5 7 12 14 19 20 22 25 29 34 38 39 44 45 49
1 3 7 10 14 16 22 23 26 27 29 39 49 50
3 5 12 19 23 24 33 36 42 47 49
1 6 11 14 17 19 22 24 27 33 49 50
10 13 17 21 31 33 35 42 44 48
6 8 13 23 32 33 34 43 44 47 50
2 14 23 28 33 35 36 41 44 45 50
16 19 20 34 45
1 4 8 13 14 15 17 26 28 31 34 38
4 8 11 19 21 37
13 31 32 35 38 44 46
1 2 10 13 14 18 23 30 33 36 43
4 5 7 18 19 27 36 44 45
1 4 5 6 12 18 19 20 22 25 36 38 40 45 48 49 50
25 43 44 45 49
16 20 27 42 43 45
11 15 16 17 21 23 29 39 44 46
11 12 17 18 27 30 40
1 2 8 9 13 14 16 24 26 30 35 40 43 45 50
1 2 5 10 14 17 20 26 28 29 33 34 35 41 42
7 14 17 23 31 34 35 36 42 43 45 48
9 11 12 15 23 26 27 29 33 34 36 37 39 47 49 50
6 10 18
1 5 8 12 20 22 27 28 35 37 39 41 50
5 8 11 15 19 25 26 34 36 37 39 45
1 3 4 7 8 9 13 16 28 29 35 41 48 49 50
1 3 4 5 8 30 35 40 45 47
2 3 8 16 20 23 30 33 37 42 45 47
4 5 14 15 21 24 37 38 49
20 29 32 38 39
1 4 6 10 16 19 23 25 26 34 35 39 40 41 50
2 4 5 13 17 24 25 27 28 32 41
1 13 17 20 24 45
1 5 10 11 18 19 21 30 31 32 35 37 39 41 45
19 34 38 40 46 49
12 21 40 42 50
10 14 17 20 39 40
5 6 7 15 19 21 23 28 32 33 42
1 3 9 20 25 39 42
8 9 12 16 24 35 47 49
5 7 19 24 28 29 36
2 5 7 19 32 43 46 47 50
1 7 14 16 17 23 29 32 34 35
1 6 12 13 43 45
1 11 26 30 33 38 46
14 19 23 24 38 44
1 3 4 7 26 29 32 33 34 36 39 48 49 50
14 21 33 36 45 46
4 7 9 14 18 21 23 27 33 35 44 46 48 49
9 10 13 19 20 21 22 26 29 32 37
13 14 21 25 27 32 35 43 49
4 11 34 41 45 46
16 17 18 19 21 24 31 39 46 49
7 8 14 17 18 35 37 39 40 50
1 9 11 12 13 16 22 24 34 37 45 46 49
2 9 14 19 21 25 32 37 42 48 50
4 6 22 37 42 45 50
1 6 7 8 15 16 19 20 21 26 27 33 42 46
2 8 11 17 25 36 50
3 9 20 23 34 46
15 21 27 30 40 42 48 49
6 9 12 19 28 32 33 40
5 6 9 10 13 15 20 27 30 32 34 40 43
12 25 32 36 38 43 44 49
2 17 21 23 28 35 41 47
1 14 24 27 31 38 43
11 13 21 26 27 37 39 40
6 8 17 27 30 31 32 42 44 45 47
2 5 7 8 10 13 18 23 27 43 46
1 12 16 17 22 31 38 47
5 12 21 28 31 43 48 49
4 11 12 23 28 37 43 50
15 17 20 21 22 24 28 29 30 32 37 38 44 45
12 13 25 40 45
5 6 8 11 14 17 18 19 28 31 36 42 44 45 46 48 49
3 4 6 8 10 14 19 22 26 28 29 31 45 47 48
2 4 6 8 14 15 16 20 35 46 50
1 2 3 5 9 13 14 17 26 42 50
4 8 9 18 24 28 30 38 42 45
3 6 7 9 11 17 18 27 28 29 43
2 36 37
14 46 48
13 16 24 25 28 32 33 47 50
13 15 29 30 35 43 44 50
7 14 16 20 21 23 29 36 40 44 50
7 10 11 12 24 31 33 38 50
2 4 7 10 14 23 25 35 38 40 47 48
7 8 9 10 13 14 16 18 19 21 27 42 47 50
3 4 20 21 38 39 42 48
4 5 13 15 18 23 24 26 31 35 39
12 20 22 28 33 40 47 48 49 50
3 7 11 15 19 35 39 42 46 47 48
13 14 16 18 26 27 36 38 45 46
6 8 15 23 24 27 33 36 47 50
4 10 12 13 21 22 47 50
2 3 5 12 38 39 46 47
1 5 6 8 13 20 27 40 44 45
4 14 16 17 25 26 31 33 36 39 43 50
4 16 21 43
21 24 27 32 35 45 48 49
3 4 6 10 19 26 28 29 35 36 41 43
2 4 8 17 19 22 29 33 34 35 36 41 44 46
3 15 16 19 20 33 42 43 48
3 5 9 19 26 27 45
3 7 12 20 24 26 27 32 45 47
2 6 7 13 20 23 37 45
1 4 5 7 8 10 26 30 31 38 46
2 5 6 9 11 12 14 15 17 22 24 30 31 37 38 46 50
4 7 27 29 37 45 48
3 9 13 17 21 22 28 31 35 40 47
3 5 7 15 18 31 41 49
1 4 11 25 29 34 40
5 10 12 20 26 27 28 31 36 44 47
1 8 11 12 18 37 42 44 48
1 3 6 11 15 19 21 29 32 42 48
5 8 12 15 21 28 29 32 34 41 46
1 5 10 11 19 22 24 28 31 35 37 40 44
6 9 12 15 19 20 27 29 30 36 37 39 45 46
4 16 19 21 22 25 28 42 47
1 2 3 11 20 22 30 33 45 46
1 2 4 7 12 14 15 18 23 28 38
3 5 26 43 45 48
8 14 15 22 37 40 46 48
18 26 28 38 39 40 44
2 11 13 19 23 28 30 33 35 36 41 48 49 50
3 7 10 13 14 16 18 19 21 25 32 34 36 38 40 43
3 13 16 21 24 25 26 34 45
13 16 28 34 41 50
3 19 26 31 33
11 13 23 28 29 30 33 35 39
4 6 10 13 17 29 44 47 49
6 8 10 11 13 19 28 33 34 37
4 9 17 27 28 30 38 40 44 45
2 6 7 12 14 18 21 25 39 41 42 43 46
1 17 27 34 37 42
2 4 8 9 10 21 40 45
12 13 17 21 25 26 27 47 49
1 3 13 14 17 19 22 24 28 29 34 35 39 40 45
2 6 8 10 11 13 14 17 24 27 28 32 36 44 46 49
2 5 9 12 13 32 33 36 39 41 44 49
6 8 9 11 17 29 42 46
4 5 7 9 10 15 19 20 21 25 27 42 43 44 46
8 11 13 16 20 22 23 29 35 45 47
1 3 5 6 11 19 27 33 34 40
23 31 36 40 43
3 11 14 18 31 34 35 43
3 13 19 21 24 27 33 41 44 48
11 12 24 27 28 34 41
1 7 10 20 23 45
1 8 19 25 27 29 32 39 50
3 6 13 15 17 18 26 35 45
5 6 7 12 23 30 35 38 40 42 43 44 45
3 6 10 14 15 18 25 42 44 47
20 30 36 37 44
1 9 12 24 25 32 44 46
4 7 12 18 22 26 28 34 38 40 43 45
10 18 21 24 31 47
2 7 9 13 14 32
2 10 12 14 19 26 32 38 42 44 47 48 49
7 9 20 25 27 33 35 36 37 43
13 16 31 35 38 40 45
25 27 40 45 48
11 12 15 25 27 28 32 33 35 41 44 47 49
2 3 12 17 27 29 35 45 48
3 7 13 17 27 30 32 49
13 20 33 36 38 45 49
8 9 12 20 22 24 29 32 37 39
2 4 8 24 31 36 37 49
1 4 10 16 27 34 37 44
9 11 26 28 29 31
1 4 6 11 16 18 29 34 37 40 41 45 46
3 7 14 15 19 22 32 38 40 43
2 16 24 31 33 42 43 44
2 6 9 11 15 17 25 31 34 35 44 45 48
3 12 19 22 27 31 34 36 43
1 9 11 13 14 15 23 40 47 48
2 9 12 17 21 23 24 32 43 48
2 3 6 8 11 18 20 21 35 46
3 4 10 17 33 34 35 40 41
3 9 12 14 18 20 23 25 38 42
1 3 12 17 28 37 41 44
3 7 12 14 17 18 19 23 35 38 39 43 44 45 47
6 8 15 16 18 22 23 25 29 30 33 37 39 43 50
5 12 14 29 37 41 42 48 50
11 12 24 39 40 41 43 44
6 12 15 18 23 34
3 6 7 8 17 18 23 24 29 30 37 40 41 44 49
9 11 14 22 25 27 32 33 34 35 39 40 41 45
2 10 13 23 29 36 42 44
2 13 16 23 26 35 36 45 50
3 8 10 13 14 16 18 22 26 35 40 42 45 47
9 16 26 31 41 46
1 7 12 17 18 24 30 32 35 38 44 50
8 23 31 33 41 50
2 14 17 20 23 27 29 31 35 39 42 46 47 48 50
2 7 8 9 15 17 18 20 30 31 37 41 43 48
4 8 16 21 29 32 37 40 42 49
2 3 10 20 28 44 48 50
6 23 25 31 33 35 37 38 42 43 49
1 5 7 9 10 12 13 16 21 23 24 31
2 9 16 17 25 40 43 44 49
1 7 8 12 20 25 26 27 34 37 38 39 40 41
6 18 24 28 31 33 37 43 49
2 7 8 10 11 18 24 31 42 43 49
1 4 13 19 33 34 41 44
6 9 13 14 15 23 30 35 48
1 2 4 8 16 18 20 35 36 39 46
1 3 7 13 16 19 31 36 40 42 43 44 50
7 15 17 19 20 23 27 32 33
5 7 10 15 19 21 25 28
5 7 16 20 24 30 34 42 44 46
4 13 24 26 38 42
9 16 17 19 20 31 34 35 36 40
9 15 22 25 29 34 43
3 10 13 14 15 22 23 29 30 36 37 44 48
11 12 16 19 23 27 28 30 33 41 44
5 17 18 28 32 37
1 3 7 8 9 11 23 24 44 47 50
4 24 34 42 48
4 7 9 10 17 19 20 24 44 46
3 6 7 25 33 38 42
7 13 16 17 19 24 27 36 40 46 48
6 15 18 29 38 39 42
17 18 20 21 34 35 45
1 5 14 15 17 18 21 28 29 33 35 36 46
1 8 9 13 26 30 31 34 37 39 43
7 20 32 38 42 44
4 5 6 11 14 18 28 35 37 38 40 47
1 5 6 13 15 16 18 20 27 38 41 44 50
2 5 6 14 18 21 28 32 40 47 48 49 50
3 6 16 20 35 49
2 8 10 14 18 19 28 30 31 36 40
5 6 13 15 19 25 27 30 35 44
3 14 20 26 31 39 44 45 47
7 12 13 16 17 20 21 23 29 31 36 41 44 48 49
4 6 17 18 19 20 24 29 30 31 33 45 47 50
14 15 26 29 33 35 39 42 50
2 10 13 15 20 25 27 32 33 34 36 39 40 45 49 50
3 8 12 20 21 43
1 8 9 13 14 16 18 25 33 35 45 46
18 19 21 22 24 32 42 44
5 7 9 10 17 32 38 42 47
2 5 9 10 12 16 21 25 28 29 31 40 41
10 14 29 36 41 46 48 50
2 6 7 9 11 23 24 26 31 45
4 22 34 40
1 6 7 15 26 33 34 43
1 7 9 11 17 28 29 34 39
3 4 5 8 19 20 25 29 32 40 42 46 48 50
10 11 12 15 20 21 25 31 33 37 41 45 50
3 10 15 17 27 28 29 30 32 35 36 41 43 45 49
1 2 4 7 8 11 13 17 23 24 30 34 36 40 42 44 48 50
3 6 8 9 10 11 15 17 22 27 33 38 49
7 11 13 45
3 12 17 20 24 36 40 41 49
1 3 7 9 12 13 17 20 24 32 34 41 47 48
13 14 16 23 29 33 34 38
3 5 21 23 24 28 31 35 42 46 50
1 4 7 11 12 14 15 33 38 40 46 47
8 9 15 19 22 23 27 28 29 31 40 41 43
1 12 13 27 34 37 38
4 9 27 30 34 36 38 41 45 46
6 9 10 13 22 34 35 43 45
3 4 11 12 20 34 39 42
1 3 8 9 10 14 17 18 19 23 25 26 28 30 32 40 42 44 48
1 2 7 13 21 37 41 46 48 50
6 10 16 20 22 27 30 36 39
1 5 8 20 22 29 30 39 42 44 45
1 6 8 19 28 31 33 35 39 43 50
3 4 9 12 13 15 20 21 33 34 35 38 39 46
3 6 9 10 15 16 17 19 30 32 37 43 48 49
1 4 7 11 14 20 22 24 31 33 36 41 43 46
3 10 11 13 20 31 35 40 41 43
2 17 23 29 31 32 39 40 42 43
15 17 18 21 25 38 45
1 5 12 14 15 19 20 24 28 32 33 34 35
5 9 12 15 17 27 37 47 48
8 23 24 25 36 40
2 4 16 17 21 23 31 32 36 39 47 49
1 3 11 16 24 25 28 30 38 45
3 6 7 8 14 26 27 31 41 46 47 50
6 10 14 26 27 30 33 40 42
1 5 7 9 10 15 31 44 45 46 47
7 8 11 16 28 30 36 38 40 45
5 9 22 28 29 32 40 41 46 48
2 14 22
1 2 3 7 18 34 38 44
3 13 14 17 20 27
3 6 12 14 19 21 26 31 35 43 45 50
1 12 13 16 17 27 33 41 46
7 12 13 14 15 17 18 20 30 32 45 48 49 50
14 24 25 40 43 45 46 47 50
5 9 12 13 16 18 29 36 39 46
4 5 9 14 20 22 24 32 34 43
3 8 11 26 36 38 46
6 12 16 20 24 27 32 33 38 39 41 42 44 47 48
5 7 11 15 17 18 20 27 35 38 40 42 43 44 45 48 49
2 3 8 15 17 33 35 36 40 47
8 9 11 31 39 44 45 46
3 8 10 12 21 22 26 30 41 43 44
2 3 8 13 14 34 45 46 47 48
10 12 17 21 23 24 28 33 36 38 45
2 9 15 18 27 31 33 35 47
1 9 10 16 17 20 22 25 29 41 43
5 8 9 12 20 31 38 39 42 47
1 2 3 4 6 18 20 27 33 38 48 50
2 3 13 19 24 25 38 43 44 47
4 5 28 34 39 40 42 47
15 23 24 32 33 46 50
7 9 12 22 25 27 34 35 37 38 39 47
6 12 17 24 31 35 36 39 41
8 20 28 32 38 41 45
2 8 18 20 21 23 24 29 30
8 12 21 29 31 32 36 39 40
1 6 9 10 16 24 25 26 29 32 35 50
7 13 18 31 32 44 48 50
2 16 17 20 36 41
3 26 27 29 33 38
8 11 18 29 34 36 39 41 44 47 48 49
13 18 19 20 26 43 45
2 3 18 19 22 26 29 35 36 40 47 50
8 13 17 22 27 34 35 37 45 47
9 11 13 32 35
17 19 23 25 27 40 49
6 12 14 18 24 30 31 37 40 43
1 4 7 21 28 32 41 47
5 8 11 21 27
5 7 8 13 25 29 32 39 45 49
1 3 27 32 36 38 46 47 48
1 4 10 20 21 23 28 33 34 36 39 40 44 48
3 6 10 15 19 32 46
2 5 13 32 37 38 40 45 47 48 49
3 7 9 11 22 24 32 34 39 47 48
20 21 26 27 28 36 40 44 46 49 50
8 12 13 14 17 36 37 39 47
3 10 11 15 23 25 26 28 31 33 38 43 45 47
1 8 30 34 36 40 42 45
2 4 7 15 17 19 34 37 38 43 48 50
2 4 10 11 12 15 17 23 32 37 42 44 47
2 9 17 28 31 32 35 37 41
5 14 18 23 24 28 33 34
2 3 6 13 14 15 18 43 49
15 18 20 35 37 39 45 48
3 28 29 33 43 45 46
3 9 10 12 13 20 23 30 34 43 48
5 13 19 24 28 31 48 49
15 26 29 39 48
9 14 15 17 28 29 41 43 44 49
2 8 11 19 25 30 33 37 38 49 50
2 3 4 7 10 13 21 37 39 48
7 8 9 21 30 36 37 39
1 5 18 19 34 37 38 42
6 10 15 30 31 32 44 49
1 4 20 22 31 32 34 40 42 44 45 49
5 8 13 21 30 46 48
6 25 33 35 36 37 39
17 34 47
1 14 21 23 26 31 35 37 40 41 45
4 8 30 32 40 41 50
1 5 8 9 10 15 24 31 32 33 34 46
9 13 15 18 19 40 42 48
9 18 20 23 37 42
1 13 14 15 17 21 33 34 35 40 41 42
5 9 19 29 31 40 42 45 47 48 50
1 2 4 12 19 26 32 34 38 39 41 46
2 4 15 17 20 22 23 27 29 34 36 40 45 47
7 8 19 24 25 26 33 42 44 46 47 48
2 3 4 20 48
1 9 12 31 35 37 39 48 49 50
7 13 23 24 30 35 36
18 20 24 25 34 35 41 42 45
19 41
4 14 21 28 36 38 43 44
3 9 12 19 27 32 42 49
30 32 36 42
3 8 13 14 16 17 22 23 31 32 34 37 46
3 5 10 19 22 25 28 36 45
1 4 7 20 26 31 45 46
9 15 17 23 24 27 30 36 38 40 41 42 45 46 49
2 5 16 17 18 20 24 25 27 28 38 39 46 49
3 4 8 13 14 16 20 31 44
2 8 10 12 15 18 24 28 29 33 34 37 44
1 3 18 19 26 28 38 45
8 19 33 37 40 41 44 48
3 7 10 15 20 25 28 30 35 42 45 48
5 11 20 26 30 32 38 42 45
5 7 12 21 23 27 37
4 5 12 18 23 33 34 36 38 48
3 4 8 12 23 26 35 42 43 44 45 46 49
3 12 15 19 21 25 28 29 33 37 38 46 49
2 6 11 16 18 19 28 29 32 43 50
7 12 14 31 34 47 49 50
11 16 24 33 42
11 14 16 19 21 27 28 36 38 40 45
1 2 19 24 28 29 35 36 41 43 45
1 8 11 13 23 33 34 37 45 50
3 8 14 20 22 23 27 33 38 39 43 46 48 49
10 11 16 18 25 31 33 36 44
2 4 5 8 12 13 20 21 24 29 34 40 42 43 45 49
1 3 13 20 23 24 27 28 30 46 47
2 11 20 35 39 43 50
2 3 5 8 12 17 19 22 27 30 32 46 49
3 4 5 7 9 11 14 17 19 24 25 28 30 33 36 38 44 45
2 19 33 35 36 38
1 13 15 22 36 37 42 45 48
2 12 22 24 33 42 47 48 49
1 2 11 16 19 22 29 44 47
2 3 6 11 13 18 24 25 32 36 41 44 49
2 5 7 8 9 13 14 17 29 31 33 34 37 48
4 10 37 38 41 42 43 45 46 47 49
1 3 4 8 11 17 23 26 36 37 39 40 43 45 46 50
1 7 17 20 28 30 34 35 44 46
2 6 12 16 25 40 43 45
4 5 7 14 15 16 18 20 30 31 35 42 45 50
8 17 20 23 32 37 43 50
7 9 26 32 39 45 46
1 2 10 19 30 31 39 40 41 43 47 48
17 18 23 25 34 41 42 50
9 12 16 19 41
17 19 24 25 30 33 37 48
6 15 16 40
7 8 10 19 24 26 35 37 38 45 46 48 50
4 5 6 10 13 22 27 30 34 46 47
14 17 23 33 34 38 39 45
21 23 31 33 36 39 42 45 47 48
10 12 20 22 35 48 50
12 19 27 29 32 35 38 39
1 3 17 20 25 28 35 36 41
2 7 14 19 22 25 34 39 45 47
1 5 6 8 16 23 24 34 42 43 49
3 10 12 13 15 18 19 21 23 27 32 33 42 50
5 16 19 21 31 32
2 9 10 18 19 20 26 33 39 46 47
2 3 4 5 11 17 22 32 43 47 48
9 25 26 28 33 47 48 50
4 15 20 26 27 37 46 48
5 8 9 12 26 27 34 38 39
6 8 13 16 20 25 28 32 46 48
11 15 36 43 46 49
10 13 16 18 19 26 34 35 44 45
9 17 20 24 30 37 42 43
2 8 9 12 14 20 24 27 32 43 44 49 50
6 7 8 19 24 34 43
10 14 23 35 36 50
5 9 12 13 17 32 36 37 38 49
26 33 39 40 43 47 49
3 6 11 14 17 19 25 28 37 38 39 41 43 50
7 12 14 18 20 26 33 34 36 40 47 48
4 6 15 17 18 19 21 22 26 31 41
2 6 10 33 46 49
2 9 13 20 28 29 40 41 45
4 7 10 11 15 18 23 24 27 28 35 39 40 42 46
5 9 14 18 22 25 31 41
2 6 13 25 27 29 43
8 9 30 36 40 50
2 31 38 42 43 45 47
17 21 22 24 28 42
1 15 23 24 26 28 29 31 32 33 34 36 40 43 46
8 10 12 16 21 24 26 34 39 44
6 14 15 24 26 28 34 36 37 46
1 3 7 8 10 13 14 22 23 27 35 48 50
1 4 6 7 12 22 27 35 39 40 42
7 22 30 33 37 41 46
6 7 12 25 28 29 33
7 18 20
3 6 15 19 20 23 26 30 37 43 50
29 33 37 38 39 49
6 16 17 18 21 25 29 30 33 34 37 39 44
3 5 7 19 20 24 31
9 11 14 20 31 32 37 40 47 48
15 17 22 25 30 46
4 10 17 19 30 38 43 47
3 8 13 19 20 27 28 29 31 40 44
13 17 20 33 34 35 41 46 48 50
11 15 16 23 24 25 26 30 31 36 48
3 4 7 11 13 14 19 22 25 28 29 32 37 38
6 7 13 16 18 27 32 33
2 3 5 10 17 18 23 32 35 42 45 49
3 6 9 10 13 19 23 24 37 38 41 44 45 47 49
1 10 18 25 37 41 44 47
1 3 14 21 24 26 37 43 44 47 50
2 15 21 24 28 37 41 43 44 48
5 7 16 18 23 26 29 31 33
1 13 16 17 18 19 23 27 28 31 32 35 39 41 44
2 4 12 22 23 28 30 33 39 47 48
1 21 23 28 32 35 37 39 42 44
7 12 15 21 31 33 38 44 48 49 50
16 18 19 27 33 34 35 40 42 50
4 9 10 13 14 18 21 22 25 32 33 42 44 45 46 48
7 8 14 21 33 35 38 41 44
12 13 14 34 40
4 12 15 25 27 48 49
5 13 21 22 25 26 37 45 47
2 4 17 18 20 28 35 38 39 41 42 43 45 48
1 3 5 6 16 39 43 45 46 48
4 8 17 20 22 23 24 30 32 39 47
21 23 24 47
10 16 17 30 34 35 39
2 6 11 13 17 23 32 44 45
8 9 11 13 16 17 20 21 22 24 25 36 43
1 24 35 36 43
4 8 9 17 19 30 34 35
1 3 14 21 30 37 39 40 41 43
2 8 20 22 30 37 38 48 49
14 18 19 20 27 28 34 41 43 44 46
1 6 21 35 37 41 47 48
3 7 8 12 19 20 27 37 49
2 6 16 17 24 26 34 37 43
3 13 14 15 28 32 33 39 45
1 3 18 23 27 35 36 37 38 39 45
8 13 20 23 41
2 7 9 16 18 23 37 50
9 13 17 22 44 47 48
1 2 6 7 14 15 38 44 45 48
1 6 8 15 19 21 22 23 27 34 42 45 50
1 8 17 18 20 23 26 30 32 35 49
5 6 16 21 27 28 39 50
8 10 11 12 13 17 27 34 41 42
3 18 21 22 28 45 47
1 9 15 20 21 22 24 26 29 32 41 42 47
7 11 18 21 23 25 37 38 39 40 42 48
2 4 6 8 15 17 22
3 7 11 16 18 21 22 32 46 50
2 5 7 10 16 19 37 49 50
3 7 12 21 33 38 50
4 5 14 15 19 23 25 28 31 36 45 46
1 5 10 13 15 16 25 39
15 18 19 20 24 25 30 32
3 22 26 33 38 44 45
7 10 13 24 26 27 28 42 46 50
3 15 16 17 20 22 26 32 34 38
12 19 26 30 36 38 40 42
3 4 6 10 12 17 19 27 28 33 34 37 40 41 43 48
7 8 10 13 14 47 48
2 3 6 12 23 36 38 41 47 50
1 2 8 12 41 42 45 50
11 23 29 31
1 4 5 12 14 15 19 31 36 44
8 14 29 36 49
1 3 4 5 6 16 19 29 32 48
9 12 13 14 19 23 29 32 33 37
12 18 23 24 29 36 40 43 48 49
8 13 19 21 24 29 30 34 50
7 9 11 12 16 17 20 22 23 26 27 46 48
4 11 13 17 21 22 24 25 26 37 40 45 48
2 19 23 24 26 42 44 46
2 3 12 13 22 26 27 28 29 32 37 46 47
6 8 9 10 11 12 14 17 20 31 33 38 39 40 44 47 50
3 5 10 13 18 19 21 25 34 40
13 16 25 27 38 41 42 43 49
1 14 16 30 31 38 39
1 11 16 21 23 30 34 40 41 42 44 48
1 2 10 11 17 18 20 25 27 29 32 38 39 43 46 49
7 12 17 22 27 28 31 38 46 47 49
7 9 11 15 17 20 27 30 32 38 39 40 45
4 5 6 13 38 41 46 48 50
8 9 13 14 17 19 28 29 31 39 40 47